[
  { "camera": { "position": null, "fov": 30.0 } },
  {
    "directional_light": {
      "direction": [-1.0, -1.0, -1.0],
      "color": [0.7, 0.7, 0.7]
    }
  },
  {
    "transform": [
      [
        1.0, 0.0, 0.0, 0.0, 0.0, 1.0, 0.0, 0.0, 0.0, 0.0, 1.0, 0.0, 0.0, 0.0,
        -35.0, 1.0
      ],
      [
        {
          "scale": [
            [2.0, 2.0, 2.0],
            [
              {
                "sphere": {
                  "material": {
                    "ambient": { "constant": [0.5, 0.5, 0.5] },
                    "diffuse": { "constant": [0.8, 0.2, 0.4] }
                  }
                }
              }
            ]
          ]
        }
      ]
    ]
  },
  {
    "transform": [
      [
        0.37004, 0.218075, -0.903058, 0.0, 0.214063, 0.925887, 0.311303, 0.0,
        0.904017, -0.308506, 0.295934, 0.0, 3.5, -0.5, -50.5, 1.0
      ],
      [
        {
          "scale": [
            [1.0, 1.0, 1.0],
            [
              {
                "translate": [
                  [0.5, 0.5, 0.5],
                  [
                    {
                      "box": {
                        "material": {
                          "ambient": { "constant": [0.5, 0.5, 0.5] },
                          "diffuse": { "constant": [0.0, 0.479873, 0.585009] }
                        }
                      }
                    }
                  ]
                ]
              }
            ]
          ]
        }
      ]
    ]
  },
  {
    "transform": [
      [
        -0.016707, 0.840027, -0.542287, 0.0, -0.526266, 0.45377, 0.719123, 0.0,
        0.850156, 0.297402, 0.434496, 0.0, 2.57313, 2.424665, -50.5, 1.0
      ],
      [
        {
          "scale": [
            [1.0, 1.0, 1.0],
            [
              {
                "translate": [
                  [0.5, 0.5, 0.5],
                  [
                    {
                      "box": {
                        "material": {
                          "ambient": { "constant": [0.5, 0.5, 0.5] },
                          "diffuse": { "constant": [0.0, 0.858943, 0.174108] }
                        }
                      }
                    }
                  ]
                ]
              }
            ]
          ]
        }
      ]
    ]
  },
  {
    "transform": [
      [
        -0.240085, 0.970665, -0.012956, 0.0, -0.970741, -0.239999, 0.007828,
        0.0, 0.004489, 0.014457, 0.999885, 0.0, -0.291359, 3.523508, -50.5, 1.0
      ],
      [
        {
          "scale": [
            [1.0, 1.0, 1.0],
            [
              {
                "translate": [
                  [0.5, 0.5, 0.5],
                  [
                    {
                      "box": {
                        "material": {
                          "ambient": { "constant": [0.5, 0.5, 0.5] },
                          "diffuse": { "constant": [0.0, 0.364452, 0.091403] }
                        }
                      }
                    }
                  ]
                ]
              }
            ]
          ]
        }
      ]
    ]
  },
  {
    "transform": [
      [
        -0.947759, 0.310724, -0.072131, 0.0, -0.284018, -0.71907, 0.63425, 0.0,
        0.145209, 0.621603, 0.769756, 0.0, -2.936449, 1.969077, -50.5, 1.0
      ],
      [
        {
          "scale": [
            [1.0, 1.0, 1.0],
            [
              {
                "translate": [
                  [0.5, 0.5, 0.5],
                  [
                    {
                      "box": {
                        "material": {
                          "ambient": { "constant": [0.5, 0.5, 0.5] },
                          "diffuse": { "constant": [0.0, 0.004669, 0.119083] }
                        }
                      }
                    }
                  ]
                ]
              }
            ]
          ]
        }
      ]
    ]
  },
  {
    "transform": [
      [
        -0.705469, -0.548726, -0.448568, 0.0, 0.175019, -0.748186, 0.639989,
        0.0, -0.686791, 0.372984, 0.62386, 0.0, -3.370333, -1.068108, -50.5, 1.0
      ],
      [
        {
          "scale": [
            [1.0, 1.0, 1.0],
            [
              {
                "translate": [
                  [0.5, 0.5, 0.5],
                  [
                    {
                      "box": {
                        "material": {
                          "ambient": { "constant": [0.5, 0.5, 0.5] },
                          "diffuse": { "constant": [0.0, 0.607166, 0.601764] }
                        }
                      }
                    }
                  ]
                ]
              }
            ]
          ]
        }
      ]
    ]
  },
  {
    "transform": [
      [
        -0.030615, -0.912142, -0.408729, 0.0, 0.933819, -0.171924, 0.313728,
        0.0, -0.356434, -0.372074, 0.857039, 0.0, -1.266288, -3.300987, -50.5,
        1.0
      ],
      [
        {
          "scale": [
            [1.0, 1.0, 1.0],
            [
              {
                "translate": [
                  [0.5, 0.5, 0.5],
                  [
                    {
                      "box": {
                        "material": {
                          "ambient": { "constant": [0.5, 0.5, 0.5] },
                          "diffuse": { "constant": [0.0, 0.607685, 0.057039] }
                        }
                      }
                    }
                  ]
                ]
              }
            ]
          ]
        }
      ]
    ]
  },
  {
    "transform": [
      [
        0.816678, -0.511551, -0.26712, 0.0, 0.570258, 0.786384, 0.2375, 0.0,
        0.088566, -0.346288, 0.933938, 0.0, 1.791299, -3.048155, -50.5, 1.0
      ],
      [
        {
          "scale": [
            [1.0, 1.0, 1.0],
            [
              {
                "translate": [
                  [0.5, 0.5, 0.5],
                  [
                    {
                      "box": {
                        "material": {
                          "ambient": { "constant": [0.5, 0.5, 0.5] },
                          "diffuse": { "constant": [0.0, 0.726676, 0.875973] }
                        }
                      }
                    }
                  ]
                ]
              }
            ]
          ]
        }
      ]
    ]
  },
  {
    "transform": [
      [
        0.94837, -0.286181, -0.136728, 0.0, 0.300009, 0.949296, 0.093973, 0.0,
        0.102902, -0.130141, 0.986141, 0.0, 2.981498, -1.990772, -45.5, 1.0
      ],
      [
        {
          "scale": [
            [1.0, 1.0, 1.0],
            [
              {
                "translate": [
                  [0.5, 0.5, 0.5],
                  [
                    {
                      "box": {
                        "material": {
                          "ambient": { "constant": [0.5, 0.5, 0.5] },
                          "diffuse": { "constant": [0.0, 0.235328, 0.462081] }
                        }
                      }
                    }
                  ]
                ]
              }
            ]
          ]
        }
      ]
    ]
  },
  {
    "transform": [
      [
        0.17046, 0.966369, 0.192549, 0.0, -0.673901, -0.028232, 0.738282, 0.0,
        0.718889, -0.255606, 0.646425, 0.0, 3.415381, 1.089803, -45.5, 1.0
      ],
      [
        {
          "scale": [
            [1.0, 1.0, 1.0],
            [
              {
                "translate": [
                  [0.5, 0.5, 0.5],
                  [
                    {
                      "box": {
                        "material": {
                          "ambient": { "constant": [0.5, 0.5, 0.5] },
                          "diffuse": { "constant": [0.0, 0.999695, 0.996796] }
                        }
                      }
                    }
                  ]
                ]
              }
            ]
          ]
        }
      ]
    ]
  },
  {
    "transform": [
      [
        -0.163519, 0.96622, -0.199198, 0.0, -0.972399, -0.123791, 0.197778, 0.0,
        0.166438, 0.226041, 0.959794, 0.0, 1.277413, 3.349734, -45.5, 1.0
      ],
      [
        {
          "scale": [
            [1.0, 1.0, 1.0],
            [
              {
                "translate": [
                  [0.5, 0.5, 0.5],
                  [
                    {
                      "box": {
                        "material": {
                          "ambient": { "constant": [0.5, 0.5, 0.5] },
                          "diffuse": { "constant": [0.0, 0.023743, 0.840144] }
                        }
                      }
                    }
                  ]
                ]
              }
            ]
          ]
        }
      ]
    ]
  },
  {
    "transform": [
      [
        -0.656429, 0.754336, -0.008842, 0.0, -0.752584, -0.654004, 0.076785,
        0.0, 0.052139, 0.057058, 0.997009, 0.0, -1.822473, 3.087247, -45.5, 1.0
      ],
      [
        {
          "scale": [
            [1.0, 1.0, 1.0],
            [
              {
                "translate": [
                  [0.5, 0.5, 0.5],
                  [
                    {
                      "box": {
                        "material": {
                          "ambient": { "constant": [0.5, 0.5, 0.5] },
                          "diffuse": { "constant": [0.0, 0.91879, 0.008789] }
                        }
                      }
                    }
                  ]
                ]
              }
            ]
          ]
        }
      ]
    ]
  },
  {
    "transform": [
      [
        -0.838037, -0.519023, -0.168256, 0.0, 0.173903, -0.546386, 0.81928, 0.0,
        -0.517158, 0.657327, 0.548151, 0.0, -3.55, 0.5, -45.5, 1.0
      ],
      [
        {
          "scale": [
            [1.0, 1.0, 1.0],
            [
              {
                "translate": [
                  [0.5, 0.5, 0.5],
                  [
                    {
                      "box": {
                        "material": {
                          "ambient": { "constant": [0.5, 0.5, 0.5] },
                          "diffuse": { "constant": [0.0, 0.726493, 0.837611] }
                        }
                      }
                    }
                  ]
                ]
              }
            ]
          ]
        }
      ]
    ]
  },
  {
    "transform": [
      [
        -0.253158, -0.966643, -0.038888, 0.0, 0.782841, -0.228308, 0.578823,
        0.0, -0.568394, 0.11609, 0.814525, 0.0, -2.604305, -2.463757, -45.5, 1.0
      ],
      [
        {
          "scale": [
            [1.0, 1.0, 1.0],
            [
              {
                "translate": [
                  [0.5, 0.5, 0.5],
                  [
                    {
                      "box": {
                        "material": {
                          "ambient": { "constant": [0.5, 0.5, 0.5] },
                          "diffuse": { "constant": [0.0, 0.949156, 0.457961] }
                        }
                      }
                    }
                  ]
                ]
              }
            ]
          ]
        }
      ]
    ]
  },
  {
    "transform": [
      [
        0.639816, -0.768225, 0.021577, 0.0, 0.708784, 0.600699, 0.369846, 0.0,
        -0.297086, -0.22134, 0.928843, 0.0, 0.302486, -3.572255, -45.5, 1.0
      ],
      [
        {
          "scale": [
            [1.0, 1.0, 1.0],
            [
              {
                "translate": [
                  [0.5, 0.5, 0.5],
                  [
                    {
                      "box": {
                        "material": {
                          "ambient": { "constant": [0.5, 0.5, 0.5] },
                          "diffuse": { "constant": [0.0, 0.608966, 0.735008] }
                        }
                      }
                    }
                  ]
                ]
              }
            ]
          ]
        }
      ]
    ]
  },
  {
    "transform": [
      [
        0.815661, -0.553229, -0.169221, 0.0, 0.572824, 0.813276, 0.102246, 0.0,
        0.081058, -0.180332, 0.98026, 0.0, 1.853647, -3.126338, -40.5, 1.0
      ],
      [
        {
          "scale": [
            [1.0, 1.0, 1.0],
            [
              {
                "translate": [
                  [0.5, 0.5, 0.5],
                  [
                    {
                      "box": {
                        "material": {
                          "ambient": { "constant": [0.5, 0.5, 0.5] },
                          "diffuse": { "constant": [0.0, 0.802881, 0.425153] }
                        }
                      }
                    }
                  ]
                ]
              }
            ]
          ]
        }
      ]
    ]
  },
  {
    "transform": [
      [
        0.90106, 0.257422, -0.349034, 0.0, -0.139402, 0.933995, 0.32897, 0.0,
        0.41068, -0.247765, 0.87747, 0.0, 3.599999, -0.5, -40.5, 1.0
      ],
      [
        {
          "scale": [
            [1.0, 1.0, 1.0],
            [
              {
                "translate": [
                  [0.5, 0.5, 0.5],
                  [
                    {
                      "box": {
                        "material": {
                          "ambient": { "constant": [0.5, 0.5, 0.5] },
                          "diffuse": { "constant": [0.0, 0.657308, 0.168981] }
                        }
                      }
                    }
                  ]
                ]
              }
            ]
          ]
        }
      ]
    ]
  },
  {
    "transform": [
      [
        0.227775, 0.96984, 0.086772, 0.0, -0.793433, 0.133208, 0.593902, 0.0,
        0.564431, -0.204124, 0.799844, 0.0, 2.635479, 2.502848, -40.5, 1.0
      ],
      [
        {
          "scale": [
            [1.0, 1.0, 1.0],
            [
              {
                "translate": [
                  [0.5, 0.5, 0.5],
                  [
                    {
                      "box": {
                        "material": {
                          "ambient": { "constant": [0.5, 0.5, 0.5] },
                          "diffuse": { "constant": [0.0, 0.949583, 0.147496] }
                        }
                      }
                    }
                  ]
                ]
              }
            ]
          ]
        }
      ]
    ]
  },
  {
    "transform": [
      [
        -0.313371, 0.881651, -0.352832, 0.0, -0.933031, -0.216687, 0.287228,
        0.0, 0.176781, 0.419212, 0.890511, 0.0, -0.313612, 3.621001, -40.5, 1.0
      ],
      [
        {
          "scale": [
            [1.0, 1.0, 1.0],
            [
              {
                "translate": [
                  [0.5, 0.5, 0.5],
                  [
                    {
                      "box": {
                        "material": {
                          "ambient": { "constant": [0.5, 0.5, 0.5] },
                          "diffuse": { "constant": [0.0, 0.070376, 0.426557] }
                        }
                      }
                    }
                  ]
                ]
              }
            ]
          ]
        }
      ]
    ]
  },
  {
    "transform": [
      [
        -0.555295, -0.680743, -0.477741, 0.0, 0.46456, -0.730369, 0.500744, 0.0,
        -0.689805, 0.05612, 0.721817, 0.0, -3.026546, 2.012466, -40.5, 1.0
      ],
      [
        {
          "scale": [
            [1.0, 1.0, 1.0],
            [
              {
                "translate": [
                  [0.5, 0.5, 0.5],
                  [
                    {
                      "box": {
                        "material": {
                          "ambient": { "constant": [0.5, 0.5, 0.5] },
                          "diffuse": { "constant": [0.0, 0.582049, 0.82168] }
                        }
                      }
                    }
                  ]
                ]
              }
            ]
          ]
        }
      ]
    ]
  },
  {
    "transform": [
      [
        -0.790239, -0.606972, -0.08431, 0.0, 0.412589, -0.628722, 0.65915, 0.0,
        -0.453093, 0.486101, 0.74727, 0.0, -3.46043, -1.111497, -40.5, 1.0
      ],
      [
        {
          "scale": [
            [1.0, 1.0, 1.0],
            [
              {
                "translate": [
                  [0.5, 0.5, 0.5],
                  [
                    {
                      "box": {
                        "material": {
                          "ambient": { "constant": [0.5, 0.5, 0.5] },
                          "diffuse": { "constant": [0.0, 0.503922, 0.155553] }
                        }
                      }
                    }
                  ]
                ]
              }
            ]
          ]
        }
      ]
    ]
  },
  {
    "transform": [
      [
        0.535427, -0.803544, -0.260067, 0.0, 0.819704, 0.42022, 0.38923, 0.0,
        -0.203478, -0.421582, 0.883666, 0.0, -1.288539, -3.39848, -40.5, 1.0
      ],
      [
        {
          "scale": [
            [1.0, 1.0, 1.0],
            [
              {
                "translate": [
                  [0.5, 0.5, 0.5],
                  [
                    {
                      "box": {
                        "material": {
                          "ambient": { "constant": [0.5, 0.5, 0.5] },
                          "diffuse": { "constant": [0.0, 0.755852, 0.682241] }
                        }
                      }
                    }
                  ]
                ]
              }
            ]
          ]
        }
      ]
    ]
  },
  {
    "transform": [
      [
        0.639542, -0.716569, -0.278416, 0.0, 0.765868, 0.625251, 0.150024, 0.0,
        0.066577, -0.309176, 0.948671, 0.0, 0.324738, -3.669747, -35.5, 1.0
      ],
      [
        {
          "scale": [
            [1.0, 1.0, 1.0],
            [
              {
                "translate": [
                  [0.5, 0.5, 0.5],
                  [
                    {
                      "box": {
                        "material": {
                          "ambient": { "constant": [0.5, 0.5, 0.5] },
                          "diffuse": { "constant": [0.0, 0.035096, 0.834681] }
                        }
                      }
                    }
                  ]
                ]
              }
            ]
          ]
        }
      ]
    ]
  },
  {
    "transform": [
      [
        0.932117, -0.344473, -0.111785, 0.0, 0.353901, 0.931922, 0.079219, 0.0,
        0.076886, -0.113402, 0.99057, 0.0, 3.071594, -2.03416, -35.5, 1.0
      ],
      [
        {
          "scale": [
            [1.0, 1.0, 1.0],
            [
              {
                "translate": [
                  [0.5, 0.5, 0.5],
                  [
                    {
                      "box": {
                        "material": {
                          "ambient": { "constant": [0.5, 0.5, 0.5] },
                          "diffuse": { "constant": [0.0, 0.921384, 0.949339] }
                        }
                      }
                    }
                  ]
                ]
              }
            ]
          ]
        }
      ]
    ]
  },
  {
    "transform": [
      [
        0.618027, 0.767185, -0.171666, 0.0, -0.678589, 0.630843, 0.376237, 0.0,
        0.396938, -0.116034, 0.910482, 0.0, 3.505478, 1.133191, -35.5, 1.0
      ],
      [
        {
          "scale": [
            [1.0, 1.0, 1.0],
            [
              {
                "translate": [
                  [0.5, 0.5, 0.5],
                  [
                    {
                      "box": {
                        "material": {
                          "ambient": { "constant": [0.5, 0.5, 0.5] },
                          "diffuse": { "constant": [0.0, 0.316874, 0.84698] }
                        }
                      }
                    }
                  ]
                ]
              }
            ]
          ]
        }
      ]
    ]
  },
  {
    "transform": [
      [
        0.015229, 0.99735, -0.071147, 0.0, -0.912238, 0.042992, 0.407398, 0.0,
        0.409377, 0.058698, 0.910475, 0.0, 1.299665, 3.447227, -35.5, 1.0
      ],
      [
        {
          "scale": [
            [1.0, 1.0, 1.0],
            [
              {
                "translate": [
                  [0.5, 0.5, 0.5],
                  [
                    {
                      "box": {
                        "material": {
                          "ambient": { "constant": [0.5, 0.5, 0.5] },
                          "diffuse": { "constant": [0.0, 0.567278, 0.739189] }
                        }
                      }
                    }
                  ]
                ]
              }
            ]
          ]
        }
      ]
    ]
  },
  {
    "transform": [
      [
        -0.717728, 0.593833, -0.363634, 0.0, -0.693642, -0.563936, 0.448149,
        0.0, 0.061059, 0.573881, 0.816659, 0.0, -1.884822, 3.16543, -35.5, 1.0
      ],
      [
        {
          "scale": [
            [1.0, 1.0, 1.0],
            [
              {
                "translate": [
                  [0.5, 0.5, 0.5],
                  [
                    {
                      "box": {
                        "material": {
                          "ambient": { "constant": [0.5, 0.5, 0.5] },
                          "diffuse": { "constant": [0.0, 0.890164, 0.5009] }
                        }
                      }
                    }
                  ]
                ]
              }
            ]
          ]
        }
      ]
    ]
  },
  {
    "transform": [
      [
        -0.997637, -0.003255, -0.068629, 0.0, 0.000537, -0.999216, 0.039595,
        0.0, -0.068704, 0.039465, 0.996856, 0.0, -3.65, 0.5, -35.5, 1.0
      ],
      [
        {
          "scale": [
            [1.0, 1.0, 1.0],
            [
              {
                "translate": [
                  [0.5, 0.5, 0.5],
                  [
                    {
                      "box": {
                        "material": {
                          "ambient": { "constant": [0.5, 0.5, 0.5] },
                          "diffuse": { "constant": [0.0, 0.194067, 0.531327] }
                        }
                      }
                    }
                  ]
                ]
              }
            ]
          ]
        }
      ]
    ]
  },
  {
    "transform": [
      [
        -0.429345, -0.892634, -0.137359, 0.0, 0.875638, -0.448676, 0.178743,
        0.0, -0.221181, -0.043534, 0.974261, 0.0, -2.666653, -2.541941, -35.5,
        1.0
      ],
      [
        {
          "scale": [
            [1.0, 1.0, 1.0],
            [
              {
                "translate": [
                  [0.5, 0.5, 0.5],
                  [
                    {
                      "box": {
                        "material": {
                          "ambient": { "constant": [0.5, 0.5, 0.5] },
                          "diffuse": { "constant": [0.0, 0.123325, 0.842158] }
                        }
                      }
                    }
                  ]
                ]
              }
            ]
          ]
        }
      ]
    ]
  },
  {
    "transform": [
      [
        0.391937, -0.322774, -0.861512, 0.0, 0.785972, -0.369224, 0.495904, 0.0,
        -0.478156, -0.871487, 0.108979, 0.0, -1.310791, -3.495972, -30.5, 1.0
      ],
      [
        {
          "scale": [
            [1.0, 1.0, 1.0],
            [
              {
                "translate": [
                  [0.5, 0.5, 0.5],
                  [
                    {
                      "box": {
                        "material": {
                          "ambient": { "constant": [0.5, 0.5, 0.5] },
                          "diffuse": { "constant": [0.0, 0.336314, 0.286081] }
                        }
                      }
                    }
                  ]
                ]
              }
            ]
          ]
        }
      ]
    ]
  },
  {
    "transform": [
      [
        0.769545, -0.348643, -0.535022, 0.0, 0.632451, 0.300184, 0.71407, 0.0,
        -0.08835, -0.887884, 0.451504, 0.0, 1.915996, -3.204521, -30.5, 1.0
      ],
      [
        {
          "scale": [
            [1.0, 1.0, 1.0],
            [
              {
                "translate": [
                  [0.5, 0.5, 0.5],
                  [
                    {
                      "box": {
                        "material": {
                          "ambient": { "constant": [0.5, 0.5, 0.5] },
                          "diffuse": { "constant": [0.0, 0.747215, 0.600238] }
                        }
                      }
                    }
                  ]
                ]
              }
            ]
          ]
        }
      ]
    ]
  },
  {
    "transform": [
      [
        0.995412, 0.083078, -0.047464, 0.0, -0.083053, 0.996542, 0.002508, 0.0,
        0.047508, 0.001445, 0.99887, 0.0, 3.699999, -0.5, -30.5, 1.0
      ],
      [
        {
          "scale": [
            [1.0, 1.0, 1.0],
            [
              {
                "translate": [
                  [0.5, 0.5, 0.5],
                  [
                    {
                      "box": {
                        "material": {
                          "ambient": { "constant": [0.5, 0.5, 0.5] },
                          "diffuse": { "constant": [0.0, 0.852626, 0.806238] }
                        }
                      }
                    }
                  ]
                ]
              }
            ]
          ]
        }
      ]
    ]
  },
  {
    "transform": [
      [
        0.61732, 0.786701, -0.004211, 0.0, -0.786488, 0.617263, 0.02055, 0.0,
        0.018766, -0.009374, 0.99978, 0.0, 2.697828, 2.581032, -30.5, 1.0
      ],
      [
        {
          "scale": [
            [1.0, 1.0, 1.0],
            [
              {
                "translate": [
                  [0.5, 0.5, 0.5],
                  [
                    {
                      "box": {
                        "material": {
                          "ambient": { "constant": [0.5, 0.5, 0.5] },
                          "diffuse": { "constant": [0.0, 0.454512, 0.113773] }
                        }
                      }
                    }
                  ]
                ]
              }
            ]
          ]
        }
      ]
    ]
  },
  {
    "transform": [
      [
        -0.296774, 0.95261, -0.066781, 0.0, -0.954312, -0.293299, 0.057134, 0.0,
        0.034839, 0.080685, 0.996131, 0.0, -0.335863, 3.718493, -30.5, 1.0
      ],
      [
        {
          "scale": [
            [1.0, 1.0, 1.0],
            [
              {
                "translate": [
                  [0.5, 0.5, 0.5],
                  [
                    {
                      "box": {
                        "material": {
                          "ambient": { "constant": [0.5, 0.5, 0.5] },
                          "diffuse": { "constant": [0.0, 0.201941, 0.43672] }
                        }
                      }
                    }
                  ]
                ]
              }
            ]
          ]
        }
      ]
    ]
  },
  {
    "transform": [
      [
        -0.985003, 0.145605, -0.09256, 0.0, -0.161422, -0.967142, 0.196419, 0.0,
        -0.060919, 0.208414, 0.976142, 0.0, -3.116642, 2.055854, -30.5, 1.0
      ],
      [
        {
          "scale": [
            [1.0, 1.0, 1.0],
            [
              {
                "translate": [
                  [0.5, 0.5, 0.5],
                  [
                    {
                      "box": {
                        "material": {
                          "ambient": { "constant": [0.5, 0.5, 0.5] },
                          "diffuse": { "constant": [0.0, 0.532579, 0.577868] }
                        }
                      }
                    }
                  ]
                ]
              }
            ]
          ]
        }
      ]
    ]
  },
  {
    "transform": [
      [
        0.008532, -0.96882, 0.24762, 0.0, 0.627418, 0.198006, 0.753087, 0.0,
        -0.778636, 0.148936, 0.609544, 0.0, -3.550526, -1.154886, -30.5, 1.0
      ],
      [
        {
          "scale": [
            [1.0, 1.0, 1.0],
            [
              {
                "translate": [
                  [0.5, 0.5, 0.5],
                  [
                    {
                      "box": {
                        "material": {
                          "ambient": { "constant": [0.5, 0.5, 0.5] },
                          "diffuse": { "constant": [0.0, 0.924802, 0.695761] }
                        }
                      }
                    }
                  ]
                ]
              }
            ]
          ]
        }
      ]
    ]
  },
  {
    "transform": [
      [
        0.492887, -0.626137, -0.604164, 0.0, 0.563845, -0.298991, 0.769859, 0.0,
        -0.662678, -0.720108, 0.205675, 0.0, -2.729002, -2.620123, -25.5, 1.0
      ],
      [
        {
          "scale": [
            [1.0, 1.0, 1.0],
            [
              {
                "translate": [
                  [0.5, 0.5, 0.5],
                  [
                    {
                      "box": {
                        "material": {
                          "ambient": { "constant": [0.5, 0.5, 0.5] },
                          "diffuse": { "constant": [0.0, 0.998016, 0.457442] }
                        }
                      }
                    }
                  ]
                ]
              }
            ]
          ]
        }
      ]
    ]
  },
  {
    "transform": [
      [
        0.299313, -0.729416, -0.615114, 0.0, 0.950724, 0.282613, 0.12749, 0.0,
        0.080846, -0.622962, 0.778063, 0.0, 0.346989, -3.76724, -25.5, 1.0
      ],
      [
        {
          "scale": [
            [1.0, 1.0, 1.0],
            [
              {
                "translate": [
                  [0.5, 0.5, 0.5],
                  [
                    {
                      "box": {
                        "material": {
                          "ambient": { "constant": [0.5, 0.5, 0.5] },
                          "diffuse": { "constant": [0.0, 0.048433, 0.931516] }
                        }
                      }
                    }
                  ]
                ]
              }
            ]
          ]
        }
      ]
    ]
  },
  {
    "transform": [
      [
        0.746577, 0.65038, -0.1401, 0.0, -0.558814, 0.727298, 0.398452, 0.0,
        0.36104, -0.219186, 0.906426, 0.0, 3.161691, -2.077548, -25.5, 1.0
      ],
      [
        {
          "scale": [
            [1.0, 1.0, 1.0],
            [
              {
                "translate": [
                  [0.5, 0.5, 0.5],
                  [
                    {
                      "box": {
                        "material": {
                          "ambient": { "constant": [0.5, 0.5, 0.5] },
                          "diffuse": { "constant": [0.0, 0.201972, 0.410718] }
                        }
                      }
                    }
                  ]
                ]
              }
            ]
          ]
        }
      ]
    ]
  },
  {
    "transform": [
      [
        0.501582, 0.797151, -0.336105, 0.0, -0.684848, 0.603255, 0.408737, 0.0,
        0.528582, 0.025166, 0.848509, 0.0, 3.595575, 1.17658, -25.5, 1.0
      ],
      [
        {
          "scale": [
            [1.0, 1.0, 1.0],
            [
              {
                "translate": [
                  [0.5, 0.5, 0.5],
                  [
                    {
                      "box": {
                        "material": {
                          "ambient": { "constant": [0.5, 0.5, 0.5] },
                          "diffuse": { "constant": [0.0, 0.634724, 0.597827] }
                        }
                      }
                    }
                  ]
                ]
              }
            ]
          ]
        }
      ]
    ]
  },
  {
    "transform": [
      [
        -0.599773, 0.699752, -0.388096, 0.0, -0.718429, -0.257364, 0.646238,
        0.0, 0.352324, 0.666416, 0.657083, 0.0, 1.321918, 3.544719, -25.5, 1.0
      ],
      [
        {
          "scale": [
            [1.0, 1.0, 1.0],
            [
              {
                "translate": [
                  [0.5, 0.5, 0.5],
                  [
                    {
                      "box": {
                        "material": {
                          "ambient": { "constant": [0.5, 0.5, 0.5] },
                          "diffuse": { "constant": [0.0, 0.375134, 0.565752] }
                        }
                      }
                    }
                  ]
                ]
              }
            ]
          ]
        }
      ]
    ]
  },
  {
    "transform": [
      [
        -0.735998, -0.018423, -0.676733, 0.0, -0.649567, -0.262382, 0.713595,
        0.0, -0.190709, 0.964788, 0.181145, 0.0, -1.94717, 3.243613, -25.5, 1.0
      ],
      [
        {
          "scale": [
            [1.0, 1.0, 1.0],
            [
              {
                "translate": [
                  [0.5, 0.5, 0.5],
                  [
                    {
                      "box": {
                        "material": {
                          "ambient": { "constant": [0.5, 0.5, 0.5] },
                          "diffuse": { "constant": [0.0, 0.18894, 0.242866] }
                        }
                      }
                    }
                  ]
                ]
              }
            ]
          ]
        }
      ]
    ]
  },
  {
    "transform": [
      [
        -0.89401, -0.340661, -0.291027, 0.0, 0.239252, -0.912156, 0.332762, 0.0,
        -0.378821, 0.227864, 0.89698, 0.0, -3.75, 0.499999, -25.5, 1.0
      ],
      [
        {
          "scale": [
            [1.0, 1.0, 1.0],
            [
              {
                "translate": [
                  [0.5, 0.5, 0.5],
                  [
                    {
                      "box": {
                        "material": {
                          "ambient": { "constant": [0.5, 0.5, 0.5] },
                          "diffuse": { "constant": [0.0, 0.080386, 0.494461] }
                        }
                      }
                    }
                  ]
                ]
              }
            ]
          ]
        }
      ]
    ]
  },
  {
    "transform": [
      [
        -0.24586, -0.92618, -0.285907, 0.0, 0.645266, -0.376493, 0.664745, 0.0,
        -0.723315, -0.021051, 0.690197, 0.0, -3.640624, -1.198274, -20.5, 1.0
      ],
      [
        {
          "scale": [
            [1.0, 1.0, 1.0],
            [
              {
                "translate": [
                  [0.5, 0.5, 0.5],
                  [
                    {
                      "box": {
                        "material": {
                          "ambient": { "constant": [0.5, 0.5, 0.5] },
                          "diffuse": { "constant": [0.0, 0.149113, 0.804529] }
                        }
                      }
                    }
                  ]
                ]
              }
            ]
          ]
        }
      ]
    ]
  },
  {
    "transform": [
      [
        0.338989, -0.852726, -0.397423, 0.0, 0.756411, -0.004142, 0.654083, 0.0,
        -0.5594, -0.522343, 0.643607, 0.0, -1.333044, -3.593465, -20.5, 1.0
      ],
      [
        {
          "scale": [
            [1.0, 1.0, 1.0],
            [
              {
                "translate": [
                  [0.5, 0.5, 0.5],
                  [
                    {
                      "box": {
                        "material": {
                          "ambient": { "constant": [0.5, 0.5, 0.5] },
                          "diffuse": { "constant": [0.0, 0.043214, 0.727683] }
                        }
                      }
                    }
                  ]
                ]
              }
            ]
          ]
        }
      ]
    ]
  },
  {
    "transform": [
      [
        0.798338, -0.195968, -0.569432, 0.0, 0.45822, 0.811228, 0.36324, 0.0,
        0.390756, -0.550913, 0.737431, 0.0, 1.978345, -3.282704, -20.5, 1.0
      ],
      [
        {
          "scale": [
            [1.0, 1.0, 1.0],
            [
              {
                "translate": [
                  [0.5, 0.5, 0.5],
                  [
                    {
                      "box": {
                        "material": {
                          "ambient": { "constant": [0.5, 0.5, 0.5] },
                          "diffuse": { "constant": [0.0, 0.173925, 0.305826] }
                        }
                      }
                    }
                  ]
                ]
              }
            ]
          ]
        }
      ]
    ]
  },
  {
    "transform": [
      [
        0.686793, 0.383881, -0.617212, 0.0, 0.22026, 0.699312, 0.680035, 0.0,
        0.692677, -0.60299, 0.395729, 0.0, 3.8, -0.5, -20.5, 1.0
      ],
      [
        {
          "scale": [
            [1.0, 1.0, 1.0],
            [
              {
                "translate": [
                  [0.5, 0.5, 0.5],
                  [
                    {
                      "box": {
                        "material": {
                          "ambient": { "constant": [0.5, 0.5, 0.5] },
                          "diffuse": { "constant": [0.0, 0.326914, 0.154881] }
                        }
                      }
                    }
                  ]
                ]
              }
            ]
          ]
        }
      ]
    ]
  },
  {
    "transform": [
      [
        0.453538, 0.890845, -0.026411, 0.0, -0.246808, 0.154017, 0.956747, 0.0,
        0.856381, -0.427403, 0.28972, 0.0, 2.760177, 2.659214, -20.5, 1.0
      ],
      [
        {
          "scale": [
            [1.0, 1.0, 1.0],
            [
              {
                "translate": [
                  [0.5, 0.5, 0.5],
                  [
                    {
                      "box": {
                        "material": {
                          "ambient": { "constant": [0.5, 0.5, 0.5] },
                          "diffuse": { "constant": [0.0, 0.448256, 0.545091] }
                        }
                      }
                    }
                  ]
                ]
              }
            ]
          ]
        }
      ]
    ]
  },
  {
    "transform": [
      [
        -0.681947, 0.706487, -0.189273, 0.0, -0.667691, -0.495702, 0.5554, 0.0,
        0.29856, 0.505129, 0.809757, 0.0, -0.358115, 3.815986, -20.5, 1.0
      ],
      [
        {
          "scale": [
            [1.0, 1.0, 1.0],
            [
              {
                "translate": [
                  [0.5, 0.5, 0.5],
                  [
                    {
                      "box": {
                        "material": {
                          "ambient": { "constant": [0.5, 0.5, 0.5] },
                          "diffuse": { "constant": [0.0, 0.323038, 0.152654] }
                        }
                      }
                    }
                  ]
                ]
              }
            ]
          ]
        }
      ]
    ]
  },
  {
    "transform": [
      [
        -0.849067, -0.50398, 0.158397, 0.0, 0.353167, -0.318515, 0.879671, 0.0,
        -0.392884, 0.802841, 0.448429, 0.0, -3.20674, 2.099242, -20.5, 1.0
      ],
      [
        {
          "scale": [
            [1.0, 1.0, 1.0],
            [
              {
                "translate": [
                  [0.5, 0.5, 0.5],
                  [
                    {
                      "box": {
                        "material": {
                          "ambient": { "constant": [0.5, 0.5, 0.5] },
                          "diffuse": { "constant": [0.0, 0.725028, 0.873348] }
                        }
                      }
                    }
                  ]
                ]
              }
            ]
          ]
        }
      ]
    ]
  },
  {
    "transform": [
      [
        -0.99476, -0.031611, -0.097228, 0.0, 0.030328, -0.999433, 0.014645, 0.0,
