[
  { "camera": { "position": null, "fov": 30.0 } },
  {
    "directional_light": {
      "direction": [-1.0, -1.0, -1.0],
      "color": [1.0, 1.0, 1.0]
    }
  },
  {
    "material": {
      "ambient": { "constant": [0.5, 0.5, 0.5] },
      "specular": { "constant": [1.0, 1.0, 1.0] },
      "shininess": 0.5
    }
  },
  {
    "transform": [
      [
        0.819152, 0.0996, -0.564863, 0.0, -0.573576, 0.142244, -0.806707, 0.0,
        0.0, 0.984808, 0.173648, 0.0, 0.0, -8.0, -35.0, 1.0
      ],
      [
        {
          "scale": [
            [2.0, 1.0, 1.0],
            [
              {
                "sphere": {
                  "material": {
                    "diffuse": { "constant": [0.0, 0.3, 0.8] },
                    "shininess": 0.78
                  }
                }
              }
            ]
          ]
        }
      ]
    ]
  },
  {
    "transform": [
      [
        -0.999848, 0.003031, -0.017187, 0.0, -0.017452, -0.173622, 0.984658,
        0.0, 0.0, 0.984808, 0.173648, 0.0, 0.0, -8.0, -35.0, 1.0
      ],
      [
        {
          "cone": {
            "height": 2.0,
            "bottom_radius": 0.25,
            "top_radius": 0.25,
            "material": { "diffuse": { "constant": [0.5, 0.5, 0.5] } }
          }
        }
      ]
    ]
  },
  {
    "transform": [
      [
        -0.999848, 0.003031, -0.017187, 0.0, -0.017452, -0.173622, 0.984658,
        0.0, 0.0, 0.984808, 0.173648, 0.0, 0.0, -6.030385, -34.652702, 1.0
      ],
      [
        {
          "scale": [
            [0.3, 0.3, 0.3],
            [
              {
                "sphere": {
                  "material": { "diffuse": { "constant": [0.0, 0.3, 0.8] } }
                }
              }
            ]
          ]
        }
      ]
    ]
  },
  {
    "transform": [
      [
        -0.999391, -0.00606, 0.034369, 0.0, 0.033863, -0.406634, 0.912963, 0.0,
        0.008443, 0.913571, 0.406591, 0.0, 0.0, -6.030385, -34.652702, 1.0
      ],
      [
        {
          "cone": {
            "height": 1.9,
            "bottom_radius": 0.25,
            "top_radius": 0.25,
            "material": { "diffuse": { "constant": [0.5, 0.5, 0.5] } }
          }
        }
      ]
    ]
  },
  {
    "transform": [
      [
        -0.999391, -0.00606, 0.034369, 0.0, 0.033863, -0.406634, 0.912963, 0.0,
        0.008443, 0.913571, 0.406591, 0.0, 0.016042, -4.2946, -33.88018, 1.0
      ],
      [
        {
          "scale": [
            [0.3, 0.3, 0.3],
            [
              {
                "sphere": {
                  "material": { "diffuse": { "constant": [0.0, 0.3, 0.8] } }
                }
              }
            ]
          ]
        }
      ]
    ]
  },
  {
    "transform": [
      [
        -0.996249, -0.027334, 0.082103, 0.0, 0.08152, -0.61472, 0.784522, 0.0,
        0.029027, 0.788272, 0.614642, 0.0, 0.016042, -4.2946, -33.88018, 1.0
      ],
      [
        {
          "cone": {
            "height": 1.805,
            "bottom_radius": 0.25,
            "top_radius": 0.25,
            "material": { "diffuse": { "constant": [0.5, 0.5, 0.5] } }
          }
        }
      ]
    ]
  },
  {
    "transform": [
      [
        -0.996249, -0.027334, 0.082103, 0.0, 0.08152, -0.61472, 0.784522, 0.0,
        0.029027, 0.788272, 0.614642, 0.0, 0.068435, -2.871768, -32.770752, 1.0
      ],
      [
        {
          "scale": [
            [0.3, 0.3, 0.3],
            [
              {
                "sphere": {
                  "material": { "diffuse": { "constant": [0.0, 0.3, 0.8] } }
                }
              }
            ]
          ]
        }
      ]
    ]
  },
  {
    "transform": [
      [
        -0.990617, -0.059468, 0.123049, 0.0, 0.122559, -0.784955, 0.60731, 0.0,
        0.060473, 0.616693, 0.784878, 0.0, 0.068435, -2.871768, -32.770752, 1.0
      ],
      [
        {
          "cone": {
            "height": 1.71475,
            "bottom_radius": 0.25,
            "top_radius": 0.25,
            "material": { "diffuse": { "constant": [0.5, 0.5, 0.5] } }
          }
        }
      ]
    ]
  },
  {
    "transform": [
      [
        -0.990617, -0.059468, 0.123049, 0.0, 0.122559, -0.784955, 0.60731, 0.0,
        0.060473, 0.616693, 0.784878, 0.0, 0.17213, -1.814295, -31.424883, 1.0
      ],
      [
        {
          "scale": [
            [0.3, 0.3, 0.3],
            [
              {
                "sphere": {
                  "material": { "diffuse": { "constant": [0.0, 0.3, 0.8] } }
                }
              }
            ]
          ]
        }
      ]
    ]
  },
  {
    "transform": [
      [
        -0.982845, -0.100468, 0.154665, 0.0, 0.15443, -0.906766, 0.392335, 0.0,
        0.100828, 0.40949, 0.906726, 0.0, 0.17213, -1.814295, -31.424883, 1.0
      ],
      [
        {
          "cone": {
            "height": 1.629012,
            "bottom_radius": 0.25,
            "top_radius": 0.25,
            "material": { "diffuse": { "constant": [0.5, 0.5, 0.5] } }
          }
        }
      ]
    ]
  },
  {
    "transform": [
      [
        -0.982845, -0.100468, 0.154665, 0.0, 0.15443, -0.906766, 0.392335, 0.0,
        0.100828, 0.40949, 0.906726, 0.0, 0.336379, -1.147231, -29.947815, 1.0
      ],
      [
        {
          "scale": [
            [0.3, 0.3, 0.3],
            [
              {
                "sphere": {
                  "material": { "diffuse": { "constant": [0.0, 0.3, 0.8] } }
                }
              }
            ]
          ]
        }
      ]
    ]
  },
  {
    "transform": [
      [
        -0.973416, -0.147787, 0.174986, 0.0, 0.175156, -0.972588, 0.152948, 0.0,
        0.147586, 0.179532, 0.972618, 0.0, 0.336379, -1.147231, -29.947815, 1.0
      ],
      [
        {
          "cone": {
            "height": 1.547562,
            "bottom_radius": 0.25,
            "top_radius": 0.25,
            "material": { "diffuse": { "constant": [0.5, 0.5, 0.5] } }
          }
        }
      ]
    ]
  },
  {
    "transform": [
      [
        -0.973416, -0.147787, 0.174986, 0.0, 0.175156, -0.972588, 0.152948, 0.0,
        0.147586, 0.179532, 0.972618, 0.0, 0.564777, -0.869393, -28.442627, 1.0
      ],
      [
        {
          "scale": [
            [0.3, 0.3, 0.3],
            [
              {
                "sphere": {
                  "material": { "diffuse": { "constant": [0.0, 0.3, 0.8] } }
                }
              }
            ]
          ]
        }
      ]
    ]
  },
  {
    "transform": [
      [
        -0.962915, -0.198485, 0.182751, 0.0, 0.183447, -0.978333, -0.095982,
        0.0, 0.197842, -0.058897, 0.978463, 0.0, 0.564777, -0.869393,
        -28.442627, 1.0
      ],
      [
        {
          "cone": {
            "height": 1.470184,
            "bottom_radius": 0.25,
            "top_radius": 0.25,
            "material": { "diffuse": { "constant": [0.5, 0.5, 0.5] } }
          }
        }
      ]
    ]
  },
  {
    "transform": [
      [
        -0.962915, -0.198485, 0.182751, 0.0, 0.183447, -0.978333, -0.095982,
        0.0, 0.197842, -0.058897, 0.978463, 0.0, 0.855641, -0.955983,
        -27.004107, 1.0
      ],
      [
        {
          "scale": [
            [0.3, 0.3, 0.3],
            [
              {
                "sphere": {
                  "material": { "diffuse": { "constant": [0.0, 0.3, 0.8] } }
                }
              }
            ]
          ]
        }
      ]
    ]
  },
  {
    "transform": [
      [
        -0.951995, -0.249415, 0.177477, 0.0, 0.17879, -0.923643, -0.338995, 0.0,
        0.248476, -0.29099, 0.923896, 0.0, 0.855641, -0.955983, -27.004107, 1.0
      ],
      [
        {
          "cone": {
            "height": 1.396675,
            "bottom_radius": 0.25,
            "top_radius": 0.25,
            "material": { "diffuse": { "constant": [0.5, 0.5, 0.5] } }
          }
        }
      ]
    ]
  },
  {
    "transform": [
      [
        -0.951995, -0.249415, 0.177477, 0.0, 0.17879, -0.923643, -0.338995, 0.0,
        0.248476, -0.29099, 0.923896, 0.0, 1.202682, -1.362402, -25.713724, 1.0
      ],
      [
        {
          "scale": [
            [0.3, 0.3, 0.3],
            [
              {
                "sphere": {
                  "material": { "diffuse": { "constant": [0.0, 0.3, 0.8] } }
                }
              }
            ]
          ]
        }
      ]
    ]
  },
  {
    "transform": [
      [
        -0.941333, -0.297413, 0.159492, 0.0, 0.161473, -0.811916, -0.560998,
        0.0, 0.296343, -0.502332, 0.812308, 0.0, 1.202682, -1.362402,
        -25.713724, 1.0
      ],
      [
        {
          "cone": {
            "height": 1.326841,
            "bottom_radius": 0.25,
            "top_radius": 0.25,
            "material": { "diffuse": { "constant": [0.5, 0.5, 0.5] } }
          }
        }
      ]
    ]
  },
  {
    "transform": [
      [
        -0.941333, -0.297413, 0.159492, 0.0, 0.161473, -0.811916, -0.560998,
        0.0, 0.296343, -0.502332, 0.812308, 0.0, 1.595881, -2.028917,
        -24.635921, 1.0
      ],
      [
        {
          "scale": [
            [0.3, 0.3, 0.3],
            [
              {
                "sphere": {
                  "material": { "diffuse": { "constant": [0.0, 0.3, 0.8] } }
                }
              }
            ]
          ]
        }
      ]
    ]
  },
  {
    "transform": [
      [
        -0.931592, -0.339498, 0.129913, 0.0, 0.132572, -0.650091, -0.748202,
        0.0, 0.338469, -0.679796, 0.650627, 0.0, 1.595881, -2.028917,
        -24.635921, 1.0
      ],
      [
        {
          "cone": {
            "height": 1.260499,
            "bottom_radius": 0.25,
            "top_radius": 0.25,
            "material": { "diffuse": { "constant": [0.5, 0.5, 0.5] } }
          }
        }
      ]
    ]
  },
  {
    "transform": [
      [
        -0.931592, -0.339498, 0.129913, 0.0, 0.132572, -0.650091, -0.748202,
        0.0, 0.338469, -0.679796, 0.650627, 0.0, 2.02252, -2.885799, -23.815805,
        1.0
      ],
      [
        {
          "scale": [
            [0.3, 0.3, 0.3],
            [
              {
                "sphere": {
                  "material": { "diffuse": { "constant": [0.0, 0.3, 0.8] } }
                }
              }
            ]
          ]
        }
      ]
    ]
  },
  {
    "transform": [
      [
        -0.325568, -0.164188, 0.931154, 0.0, 0.945519, -0.056534, 0.320622, 0.0,
        0.0, 0.984808, 0.173648, 0.0, 0.0, -8.0, -35.0, 1.0
      ],
      [
        {
          "cone": {
            "height": 2.0,
            "bottom_radius": 0.25,
            "top_radius": 0.25,
            "material": { "diffuse": { "constant": [0.5, 0.5, 0.5] } }
          }
        }
      ]
    ]
  },
  {
    "transform": [
      [
        -0.325568, -0.164188, 0.931154, 0.0, 0.945519, -0.056534, 0.320622, 0.0,
        0.0, 0.984808, 0.173648, 0.0, 0.0, -6.030385, -34.652702, 1.0
      ],
      [
        {
          "scale": [
            [0.3, 0.3, 0.3],
            [
              {
                "sphere": {
                  "material": { "diffuse": { "constant": [0.0, 0.3, 0.8] } }
                }
              }
            ]
          ]
        }
      ]
    ]
  },
  {
    "transform": [
      [
        -0.275637, -0.166921, 0.946658, 0.0, 0.932708, -0.284689, 0.221377, 0.0,
        0.23255, 0.943975, 0.23416, 0.0, 0.0, -6.030385, -34.652702, 1.0
      ],
      [
        {
          "cone": {
            "height": 1.9,
            "bottom_radius": 0.25,
            "top_radius": 0.25,
            "material": { "diffuse": { "constant": [0.5, 0.5, 0.5] } }
          }
        }
      ]
    ]
  },
  {
    "transform": [
      [
        -0.275637, -0.166921, 0.946658, 0.0, 0.932708, -0.284689, 0.221377, 0.0,
        0.23255, 0.943975, 0.23416, 0.0, 0.441846, -4.236831, -34.207798, 1.0
      ],
      [
        {
          "scale": [
            [0.3, 0.3, 0.3],
            [
              {
                "sphere": {
                  "material": { "diffuse": { "constant": [0.0, 0.3, 0.8] } }
                }
              }
            ]
          ]
        }
      ]
    ]
  },
  {
    "transform": [
      [
        -0.226445, -0.181592, 0.956947, 0.0, 0.861501, -0.495745, 0.109786, 0.0,
        0.454466, 0.849271, 0.268701, 0.0, 0.441846, -4.236831, -34.207798, 1.0
      ],
      [
        {
          "cone": {
            "height": 1.805,
            "bottom_radius": 0.25,
            "top_radius": 0.25,
            "material": { "diffuse": { "constant": [0.5, 0.5, 0.5] } }
          }
        }
      ]
    ]
  },
  {
    "transform": [
      [
        -0.226445, -0.181592, 0.956947, 0.0, 0.861501, -0.495745, 0.109786, 0.0,
        0.454466, 0.849271, 0.268701, 0.0, 1.262156, -2.703897, -33.722794, 1.0
      ],
      [
        {
          "scale": [
            [0.3, 0.3, 0.3],
            [
              {
                "sphere": {
                  "material": { "diffuse": { "constant": [0.0, 0.3, 0.8] } }
                }
              }
            ]
          ]
        }
      ]
    ]
  },
  {
    "transform": [
      [
        -0.181048, -0.207288, 0.961381, 0.0, 0.736319, -0.676596, -0.007221,
        0.0, 0.651963, 0.706576, 0.275127, 0.0, 1.262156, -2.703897, -33.722794,
        1.0
      ],
      [
        {
          "cone": {
            "height": 1.71475,
            "bottom_radius": 0.25,
            "top_radius": 0.25,
            "material": { "diffuse": { "constant": [0.5, 0.5, 0.5] } }
          }
        }
      ]
    ]
  },
  {
    "transform": [
      [
        -0.181048, -0.207288, 0.961381, 0.0, 0.736319, -0.676596, -0.007221,
        0.0, 0.651963, 0.706576, 0.275127, 0.0, 2.380111, -1.492297, -33.25102,
        1.0
      ],
      [
        {
          "scale": [
            [0.3, 0.3, 0.3],
            [
              {
                "sphere": {
                  "material": { "diffuse": { "constant": [0.0, 0.3, 0.8] } }
                }
              }
            ]
          ]
        }
      ]
    ]
  },
  {
    "transform": [
      [
        -0.142264, -0.242415, 0.959686, 0.0, 0.564937, -0.816008, -0.122376,
        0.0, 0.812777, 0.524753, 0.253037, 0.0, 2.380111, -1.492297, -33.25102,
        1.0
      ],
      [
        {
          "cone": {
            "height": 1.629012,
            "bottom_radius": 0.25,
            "top_radius": 0.25,
            "material": { "diffuse": { "constant": [0.5, 0.5, 0.5] } }
          }
        }
      ]
    ]
  },
  {
    "transform": [
      [
        -0.142264, -0.242415, 0.959686, 0.0, 0.564937, -0.816008, -0.122376,
        0.0, 0.812777, 0.524753, 0.253037, 0.0, 3.704135, -0.637468, -32.838818,
        1.0
      ],
      [
        {
          "scale": [
            [0.3, 0.3, 0.3],
            [
              {
                "sphere": {
                  "material": { "diffuse": { "constant": [0.0, 0.3, 0.8] } }
                }
              }
            ]
          ]
        }
      ]
    ]
  },
  {
    "transform": [
      [
        -0.112502, -0.284789, 0.951966, 0.0, 0.358001, -0.905323, -0.228528,
        0.0, 0.926919, 0.315095, 0.203805, 0.0, 3.704135, -0.637468, -32.838818,
        1.0
      ],
      [
        {
          "cone": {
            "height": 1.547562,
            "bottom_radius": 0.25,
            "top_radius": 0.25,
            "material": { "diffuse": { "constant": [0.5, 0.5, 0.5] } }
          }
        }
      ]
    ]
  },
  {
    "transform": [
      [
        -0.112502, -0.284789, 0.951966, 0.0, 0.358001, -0.905323, -0.228528,
        0.0, 0.926919, 0.315095, 0.203805, 0.0, 5.138599, -0.149839, -32.523415,
        1.0
      ],
      [
        {
          "scale": [
            [0.3, 0.3, 0.3],
            [
              {
                "sphere": {
                  "material": { "diffuse": { "constant": [0.0, 0.3, 0.8] } }
                }
              }
            ]
          ]
        }
      ]
    ]
  },
  {
    "transform": [
      [
        -0.093612, -0.33178, 0.938701, 0.0, 0.128362, -0.938994, -0.319082, 0.0,
        0.987299, 0.090624, 0.130488, 0.0, 5.138599, -0.149839, -32.523415, 1.0
      ],
      [
        {
          "cone": {
            "height": 1.470184,
            "bottom_radius": 0.25,
            "top_radius": 0.25,
            "material": { "diffuse": { "constant": [0.5, 0.5, 0.5] } }
          }
        }
      ]
    ]
  },
  {
    "transform": [
      [
        -0.093612, -0.33178, 0.938701, 0.0, 0.128362, -0.938994, -0.319082, 0.0,
        0.987299, 0.090624, 0.130488, 0.0, 6.59011, -0.016606, -32.331573, 1.0
      ],
      [
        {
          "scale": [
            [0.3, 0.3, 0.3],
            [
              {
                "sphere": {
                  "material": { "diffuse": { "constant": [0.0, 0.3, 0.8] } }
                }
              }
            ]
          ]
        }
      ]
    ]
  },
  {
    "transform": [
      [
        -0.086765, -0.380468, 0.920715, 0.0, -0.109717, -0.914929, -0.388417,
        0.0, 0.990169, -0.134719, 0.03764, 0.0, 6.59011, -0.016606, -32.331573,
        1.0
      ],
      [
        {
          "cone": {
            "height": 1.396675,
            "bottom_radius": 0.25,
            "top_radius": 0.25,
            "material": { "diffuse": { "constant": [0.5, 0.5, 0.5] } }
          }
        }
      ]
    ]
  },
  {
    "transform": [
      [
        -0.086765, -0.380468, 0.920715, 0.0, -0.109717, -0.914929, -0.388417,
        0.0, 0.990169, -0.134719, 0.03764, 0.0, 7.973053, -0.204765, -32.279003,
        1.0
      ],
      [
        {
          "scale": [
            [0.3, 0.3, 0.3],
            [
              {
                "sphere": {
                  "material": { "diffuse": { "constant": [0.0, 0.3, 0.8] } }
                }
              }
            ]
          ]
        }
      ]
    ]
  },
  {
    "transform": [
      [
        -0.092389, -0.42783, 0.899125, 0.0, -0.34145, -0.834622, -0.432224, 0.0,
        0.935348, -0.346938, -0.068973, 0.0, 7.973053, -0.204765, -32.279003,
        1.0
      ],
      [
        {
          "cone": {
            "height": 1.326841,
            "bottom_radius": 0.25,
            "top_radius": 0.25,
            "material": { "diffuse": { "constant": [0.5, 0.5, 0.5] } }
          }
        }
      ]
    ]
  },
  {
    "transform": [
      [
        -0.092389, -0.42783, 0.899125, 0.0, -0.34145, -0.834622, -0.432224, 0.0,
        0.935348, -0.346938, -0.068973, 0.0, 9.214111, -0.665097, -32.370518,
        1.0
      ],
      [
        {
          "scale": [
            [0.3, 0.3, 0.3],
            [
              {
                "sphere": {
                  "material": { "diffuse": { "constant": [0.0, 0.3, 0.8] } }
                }
              }
            ]
          ]
        }
      ]
    ]
  },
  {
    "transform": [
      [
        -0.110132, -0.470925, 0.875272, 0.0, -0.552443, -0.703063, -0.447783,
        0.0, 0.826243, -0.532853, -0.182729, 0.0, 9.214111, -0.665097,
        -32.370518, 1.0
      ],
      [
        {
          "cone": {
            "height": 1.260499,
            "bottom_radius": 0.25,
            "top_radius": 0.25,
            "material": { "diffuse": { "constant": [0.5, 0.5, 0.5] } }
          }
        }
      ]
    ]
  },
  {
    "transform": [
      [
        -0.110132, -0.470925, 0.875272, 0.0, -0.552443, -0.703063, -0.447783,
        0.0, 0.826243, -0.532853, -0.182729, 0.0, 10.255589, -1.336757,
        -32.60085, 1.0
      ],
      [
        {
          "scale": [
            [0.3, 0.3, 0.3],
            [
              {
                "sphere": {
                  "material": { "diffuse": { "constant": [0.0, 0.3, 0.8] } }
                }
              }
            ]
          ]
        }
      ]
    ]
  },
  {
    "transform": [
      [
        0.798636, -0.104504, 0.592672, 0.0, 0.601815, 0.138682, -0.786503, 0.0,
        0.0, 0.984808, 0.173648, 0.0, 0.0, -8.0, -35.0, 1.0
      ],
      [
        {
          "cone": {
            "height": 2.0,
            "bottom_radius": 0.25,
            "top_radius": 0.25,
            "material": { "diffuse": { "constant": [0.5, 0.5, 0.5] } }
          }
        }
      ]
    ]
  },
  {
    "transform": [
      [
        0.798636, -0.104504, 0.592672, 0.0, 0.601815, 0.138682, -0.786503, 0.0,
        0.0, 0.984808, 0.173648, 0.0, 0.0, -6.030385, -34.652702, 1.0
      ],
      [
        {
          "scale": [
            [0.3, 0.3, 0.3],
            [
              {
                "sphere": {
                  "material": { "diffuse": { "constant": [0.0, 0.3, 0.8] } }
                }
              }
            ]
          ]
        }
      ]
    ]
  },
  {
    "transform": [
      [
        0.829038, -0.097103, 0.550698, 0.0, 0.542583, -0.098562, -0.8342, 0.0,
        0.135281, 0.990382, -0.029025, 0.0, 0.0, -6.030385, -34.652702, 1.0
      ],
      [
        {
          "cone": {
            "height": 1.9,
            "bottom_radius": 0.25,
            "top_radius": 0.25,
            "material": { "diffuse": { "constant": [0.5, 0.5, 0.5] } }
          }
        }
      ]
    ]
  },
  {
    "transform": [
      [
        0.829038, -0.097103, 0.550698, 0.0, 0.542583, -0.098562, -0.8342, 0.0,
        0.135281, 0.990382, -0.029025, 0.0, 0.257034, -4.148659, -34.70785, 1.0
      ],
      [
        {
          "scale": [
            [0.3, 0.3, 0.3],
            [
              {
                "sphere": {
                  "material": { "diffuse": { "constant": [0.0, 0.3, 0.8] } }
                }
              }
            ]
          ]
        }
      ]
    ]
  },
  {
    "transform": [
      [
        0.856298, -0.102128, 0.506284, 0.0, 0.450917, -0.330167, -0.829255, 0.0,
        0.251849, 0.938381, -0.23667, 0.0, 0.257034, -4.148659, -34.70785, 1.0
      ],
      [
        {
          "cone": {
            "height": 1.805,
            "bottom_radius": 0.25,
            "top_radius": 0.25,
            "material": { "diffuse": { "constant": [0.5, 0.5, 0.5] } }
          }
        }
      ]
    ]
  },
  {
    "transform": [
      [
        0.856298, -0.102128, 0.506284, 0.0, 0.450917, -0.330167, -0.829255, 0.0,
        0.251849, 0.938381, -0.23667, 0.0, 0.711621, -2.45488, -35.13504, 1.0
      ],
      [
        {
          "scale": [
            [0.3, 0.3, 0.3],
            [
              {
                "sphere": {
                  "material": { "diffuse": { "constant": [0.0, 0.3, 0.8] } }
                }
              }
            ]
          ]
        }
      ]
    ]
  },
  {
    "transform": [
      [
        0.878724, -0.119268, 0.46219, 0.0, 0.332511, -0.54175, -0.771974, 0.0,
        0.342463, 0.832035, -0.43639, 0.0, 0.711621, -2.45488, -35.13504, 1.0
      ],
      [
        {
          "cone": {
            "height": 1.71475,
            "bottom_radius": 0.25,
            "top_radius": 0.25,
            "material": { "diffuse": { "constant": [0.5, 0.5, 0.5] } }
          }
        }
      ]
    ]
  },
  {
    "transform": [
      [
        0.878724, -0.119268, 0.46219, 0.0, 0.332511, -0.54175, -0.771974, 0.0,
        0.342463, 0.832035, -0.43639, 0.0, 1.298859, -1.028148, -35.88334, 1.0
      ],
      [
        {
          "scale": [
            [0.3, 0.3, 0.3],
            [
              {
                "sphere": {
                  "material": { "diffuse": { "constant": [0.0, 0.3, 0.8] } }
                }
              }
            ]
          ]
        }
      ]
    ]
  },
  {
    "transform": [
      [
        0.894922, -0.147457, 0.421155, 0.0, 0.19472, -0.720168, -0.665915, 0.0,
        0.401496, 0.677949, -0.615781, 0.0, 1.298859, -1.028148, -35.88334, 1.0
      ],
      [
        {
          "cone": {
            "height": 1.629012,
            "bottom_radius": 0.25,
            "top_radius": 0.25,
            "material": { "diffuse": { "constant": [0.5, 0.5, 0.5] } }
          }
        }
      ]
    ]
  },
  {
    "transform": [
      [
        0.894922, -0.147457, 0.421155, 0.0, 0.19472, -0.720168, -0.665915, 0.0,
        0.401496, 0.677949, -0.615781, 0.0, 1.952902, 0.076239, -36.886456, 1.0
      ],
      [
        {
          "scale": [
            [0.3, 0.3, 0.3],
            [
              {
                "sphere": {
                  "material": { "diffuse": { "constant": [0.0, 0.3, 0.8] } }
                }
              }
            ]
          ]
        }
      ]
    ]
  },
  {
    "transform": [
      [
        0.903886, -0.184946, 0.385727, 0.0, 0.046101, -0.854341, -0.517664, 0.0,
        0.425282, 0.485692, -0.763701, 0.0, 1.952902, 0.076239, -36.886456, 1.0
      ],
      [
        {
          "cone": {
            "height": 1.547562,
            "bottom_radius": 0.25,
            "top_radius": 0.25,
            "material": { "diffuse": { "constant": [0.5, 0.5, 0.5] } }
          }
        }
      ]
    ]
  },
  {
    "transform": [
      [
        0.903886, -0.184946, 0.385727, 0.0, 0.046101, -0.854341, -0.517664, 0.0,
        0.425282, 0.485692, -0.763701, 0.0, 2.611052, 0.827878, -38.06833, 1.0
      ],
      [
        {
          "scale": [
            [0.3, 0.3, 0.3],
            [
              {
                "sphere": {
                  "material": { "diffuse": { "constant": [0.0, 0.3, 0.8] } }
                }
              }
            ]
          ]
        }
      ]
    ]
  },
  {
    "transform": [
      [
        0.90506, -0.229405, 0.358106, 0.0, -0.104115, -0.935935, -0.336431, 0.0,
        0.412342, 0.267206, -0.870962, 0.0, 2.611052, 0.827878, -38.06833, 1.0
      ],
      [
        {
          "cone": {
            "height": 1.470184,
            "bottom_radius": 0.25,
            "top_radius": 0.25,
            "material": { "diffuse": { "constant": [0.5, 0.5, 0.5] } }
          }
        }
      ]
    ]
  },
  {
    "transform": [
      [
        0.90506, -0.229405, 0.358106, 0.0, -0.104115, -0.935935, -0.336431, 0.0,
        0.412342, 0.267206, -0.870962, 0.0, 3.217271, 1.22072, -39.348804, 1.0
      ],
      [
        {
          "scale": [
            [0.3, 0.3, 0.3],
            [
              {
                "sphere": {
                  "material": { "diffuse": { "constant": [0.0, 0.3, 0.8] } }
                }
              }
            ]
          ]
        }
      ]
    ]
  },
  {
    "transform": [
      [
        0.898371, -0.278074, 0.340007, 0.0, -0.246599, -0.959883, -0.133471,
        0.0, 0.363482, 0.036061, -0.930903, 0.0, 3.217271, 1.22072, -39.348804,
        1.0
      ],
      [
        {
          "cone": {
            "height": 1.396675,
            "bottom_radius": 0.25,
            "top_radius": 0.25,
            "material": { "diffuse": { "constant": [0.5, 0.5, 0.5] } }
          }
        }
      ]
    ]
  },
  {
    "transform": [
      [
        0.898371, -0.278074, 0.340007, 0.0, -0.246599, -0.959883, -0.133471,
        0.0, 0.363482, 0.036061, -0.930903, 0.0, 3.724937, 1.271085, -40.64897,
        1.0
      ],
      [
        {
          "scale": [
            [0.3, 0.3, 0.3],
            [
              {
                "sphere": {
                  "material": { "diffuse": { "constant": [0.0, 0.3, 0.8] } }
                }
              }
            ]
          ]
        }
      ]
    ]
  },
  {
    "transform": [
      [
        0.884233, -0.327929, 0.332556, 0.0, -0.372501, -0.924697, 0.078611, 0.0,
        0.281734, -0.193388, -0.939801, 0.0, 3.724937, 1.271085, -40.64897, 1.0
      ],
      [
        {
          "cone": {
            "height": 1.326841,
            "bottom_radius": 0.25,
            "top_radius": 0.25,
            "material": { "diffuse": { "constant": [0.5, 0.5, 0.5] } }
          }
        }
      ]
    ]
  },
  {
    "transform": [
      [
        0.884233, -0.327929, 0.332556, 0.0, -0.372501, -0.924697, 0.078611, 0.0,
        0.281734, -0.193388, -0.939801, 0.0, 4.098754, 1.01449, -41.89594, 1.0
      ],
      [
        {
          "scale": [
            [0.3, 0.3, 0.3],
            [
              {
                "sphere": {
                  "material": { "diffuse": { "constant": [0.0, 0.3, 0.8] } }
                }
              }
            ]
          ]
        }
      ]
    ]
  },
  {
    "transform": [
      [
        0.863526, -0.375874, 0.336214, 0.0, -0.474001, -0.832562, 0.286643, 0.0,
        0.172178, -0.406889, -0.897104, 0.0, 4.098754, 1.01449, -41.89594, 1.0
      ],
      [
        {
          "cone": {
            "height": 1.260499,
            "bottom_radius": 0.25,
            "top_radius": 0.25,
            "material": { "diffuse": { "constant": [0.5, 0.5, 0.5] } }
          }
        }
      ]
    ]
  },
  {
    "transform": [
      [
        0.863526, -0.375874, 0.336214, 0.0, -0.474001, -0.832562, 0.286643, 0.0,
        0.172178, -0.406889, -0.897104, 0.0, 4.315784, 0.501607, -43.026737, 1.0
      ],
      [
        {
          "scale": [
            [0.3, 0.3, 0.3],
            [
              {
                "sphere": {
                  "material": { "diffuse": { "constant": [0.0, 0.3, 0.8] } }
                }
              }
            ]
          ]
        }
      ]
    ]
  },
  {
    "transform": [
      [
        0.819152, 0.0996, -0.564863, 0.0, -0.573577, 0.142244, -0.806707, 0.0,
        0.0, 0.984808, 0.173648, 0.0, 0.0, -8.0, -35.0, 1.0
      ],
      [
        {
          "cone": {
            "height": 2.0,
            "bottom_radius": 0.25,
            "top_radius": 0.25,
            "material": { "diffuse": { "constant": [0.5, 0.5, 0.5] } }
          }
        }
      ]
    ]
  },
  {
    "transform": [
      [
        0.819152, 0.0996, -0.564863, 0.0, -0.573577, 0.142244, -0.806707, 0.0,
        0.0, 0.984808, 0.173648, 0.0, 0.0, -6.030385, -34.652702, 1.0
      ],
      [
        {
          "scale": [
            [0.3, 0.3, 0.3],
            [
              {
                "sphere": {
                  "material": { "diffuse": { "constant": [0.0, 0.3, 0.8] } }
                }
              }
            ]
          ]
        }
      ]
    ]
  },
  {
    "transform": [
      [
        0.788011, 0.106908, -0.606308, 0.0, -0.597374, -0.105475, -0.794997,
        0.0, -0.148942, 0.988659, -0.019251, 0.0, 0.0, -6.030385, -34.652702,
        1.0
      ],
      [
        {
          "cone": {
            "height": 1.9,
            "bottom_radius": 0.25,
            "top_radius": 0.25,
            "material": { "diffuse": { "constant": [0.5, 0.5, 0.5] } }
          }
        }
      ]
    ]
  },
  {
    "transform": [
      [
        0.788011, 0.106908, -0.606308, 0.0, -0.597374, -0.105475, -0.794997,
        0.0, -0.148942, 0.988659, -0.019251, 0.0, -0.28299, -4.151933,
        -34.689278, 1.0
      ],
      [
        {
          "scale": [
            [0.3, 0.3, 0.3],
            [
              {
                "sphere": {
                  "material": { "diffuse": { "constant": [0.0, 0.3, 0.8] } }
                }
              }
            ]
          ]
        }
      ]
    ]
  },
  {
    "transform": [
      [
        0.755667, 0.101242, -0.647084, 0.0, -0.582819, -0.346808, -0.734878,
        0.0, -0.298815, 0.932456, -0.203066, 0.0, -0.28299, -4.151933,
        -34.689278, 1.0
      ],
      [
        {
          "cone": {
            "height": 1.805,
            "bottom_radius": 0.25,
            "top_radius": 0.25,
            "material": { "diffuse": { "constant": [0.5, 0.5, 0.5] } }
          }
        }
      ]
    ]
  },
  {
    "transform": [
      [
        0.755667, 0.101242, -0.647084, 0.0, -0.582819, -0.346808, -0.734878,
        0.0, -0.298815, 0.932456, -0.203066, 0.0, -0.82235, -2.46885,
        -35.055813, 1.0
      ],
      [
        {
          "scale": [
            [0.3, 0.3, 0.3],
            [
              {
                "sphere": {
                  "material": { "diffuse": { "constant": [0.0, 0.3, 0.8] } }
                }
              }
            ]
          ]
        }
      ]
    ]
  },
  {
    "transform": [
      [
        0.724129, 0.082953, -0.684658, 0.0, -0.530816, -0.566768, -0.630086,
        0.0, -0.44031, 0.819691, -0.366381, 0.0, -0.82235, -2.46885, -35.055813,
        1.0
      ],
      [
        {
          "cone": {
            "height": 1.71475,
            "bottom_radius": 0.25,
            "top_radius": 0.25,
            "material": { "diffuse": { "constant": [0.5, 0.5, 0.5] } }
          }
        }
      ]
    ]
  },
  {
    "transform": [
      [
        0.724129, 0.082953, -0.684658, 0.0, -0.530816, -0.566768, -0.630086,
        0.0, -0.44031, 0.819691, -0.366381, 0.0, -1.577371, -1.063286,
        -35.684063, 1.0
      ],
      [
        {
          "scale": [
            [0.3, 0.3, 0.3],
            [
              {
                "sphere": {
                  "material": { "diffuse": { "constant": [0.0, 0.3, 0.8] } }
                }
              }
            ]
          ]
        }
      ]
    ]
  },
  {
    "transform": [
      [
        0.695356, 0.053177, -0.716696, 0.0, -0.444594, -0.751693, -0.487129,
        0.0, -0.564639, 0.657366, -0.499052, 0.0, -1.577371, -1.063286,
        -35.684063, 1.0
      ],
      [
        {
          "cone": {
            "height": 1.629012,
            "bottom_radius": 0.25,
            "top_radius": 0.25,
            "material": { "diffuse": { "constant": [0.5, 0.5, 0.5] } }
          }
        }
      ]
    ]
  },
  {
    "transform": [
      [
        0.695356, 0.053177, -0.716696, 0.0, -0.444594, -0.751693, -0.487129,
        0.0, -0.564639, 0.657366, -0.499052, 0.0, -2.497175, 0.007572,
        -36.497025, 1.0
      ],
      [
        {
          "scale": [
            [0.3, 0.3, 0.3],
            [
              {
                "sphere": {
                  "material": { "diffuse": { "constant": [0.0, 0.3, 0.8] } }
                }
              }
            ]
          ]
        }
      ]
    ]
  },
  {
    "transform": [
      [
        0.671134, 0.013763, -0.741208, 0.0, -0.329509, -0.890096, -0.314885,
        0.0, -0.66408, 0.455565, -0.592839, 0.0, -2.497175, 0.007572,
        -36.497025, 1.0
      ],
      [
        {
          "cone": {
            "height": 1.547562,
            "bottom_radius": 0.25,
            "top_radius": 0.25,
            "material": { "diffuse": { "constant": [0.5, 0.5, 0.5] } }
          }
        }
      ]
    ]
  },
  {
    "transform": [
      [
        0.671134, 0.013763, -0.741208, 0.0, -0.329509, -0.890096, -0.314885,
        0.0, -0.66408, 0.455565, -0.592839, 0.0, -3.52488, 0.712587, -37.41448,
        1.0
      ],
      [
        {
          "scale": [
            [0.3, 0.3, 0.3],
            [
              {
                "sphere": {
                  "material": { "diffuse": { "constant": [0.0, 0.3, 0.8] } }
                }
              }
            ]
          ]
        }
      ]
    ]
  },
  {
    "transform": [
      [
        0.652969, -0.03284, -0.756672, 0.0, -0.192708, -0.973383, -0.124052,
        0.0, -0.732458, 0.22682, -0.641918, 0.0, -3.52488, 0.712587, -37.41448,
        1.0
      ],
      [
        {
          "cone": {
            "height": 1.470184,
            "bottom_radius": 0.25,
            "top_radius": 0.25,
            "material": { "diffuse": { "constant": [0.5, 0.5, 0.5] } }
          }
        }
      ]
    ]
  },
  {
    "transform": [
      [
        0.652969, -0.03284, -0.756672, 0.0, -0.192708, -0.973383, -0.124052,
        0.0, -0.732458, 0.22682, -0.641918, 0.0, -4.601727, 1.046054,
        -38.358215, 1.0
      ],
      [
        {
          "scale": [
            [0.3, 0.3, 0.3],
            [
              {
                "sphere": {
                  "material": { "diffuse": { "constant": [0.0, 0.3, 0.8] } }
                }
              }
            ]
          ]
        }
      ]
    ]
  },
  {
    "transform": [
      [
        0.641989, -0.083738, -0.762127, 0.0, -0.042689, -0.99638, 0.073516, 0.0,
        -0.765525, -0.014662, -0.64324, 0.0, -4.601727, 1.046054, -38.358215,
        1.0
      ],
      [
        {
          "cone": {
            "height": 1.396675,
            "bottom_radius": 0.25,
            "top_radius": 0.25,
            "material": { "diffuse": { "constant": [0.5, 0.5, 0.5] } }
          }
        }
      ]
    ]
  },
  {
    "transform": [
      [
        0.641989, -0.083738, -0.762127, 0.0, -0.042689, -0.99638, 0.073516, 0.0,
        -0.765525, -0.014662, -0.64324, 0.0, -5.670916, 1.025576, -39.25661, 1.0
      ],
      [
        {
          "scale": [
            [0.3, 0.3, 0.3],
            [
              {
                "sphere": {
                  "material": { "diffuse": { "constant": [0.0, 0.3, 0.8] } }
                }
              }
            ]
          ]
        }
      ]
    ]
  },
  {
    "transform": [
      [
        0.638875, -0.135769, -0.757235, 0.0, 0.111232, -0.957659, 0.26555, 0.0,
        -0.761227, -0.253882, -0.596722, 0.0, -5.670916, 1.025576, -39.25661,
        1.0
      ],
      [
        {
          "cone": {
            "height": 1.326841,
            "bottom_radius": 0.25,
            "top_radius": 0.25,
            "material": { "diffuse": { "constant": [0.5, 0.5, 0.5] } }
          }
        }
      ]
    ]
  },
  {
    "transform": [
      [
        0.638875, -0.135769, -0.757235, 0.0, 0.111232, -0.957659, 0.26555, 0.0,
        -0.761227, -0.253882, -0.596722, 0.0, -6.680943, 0.688715, -40.048367,
        1.0
      ],
      [
        {
          "scale": [
            [0.3, 0.3, 0.3],
            [
              {
                "sphere": {
                  "material": { "diffuse": { "constant": [0.0, 0.3, 0.8] } }
                }
              }
            ]
          ]
        }
      ]
    ]
  },
  {
    "transform": [
      [
        0.643821, -0.185703, -0.7423, 0.0, 0.259494, -0.859625, 0.440123, 0.0,
        -0.719831, -0.475983, -0.505255, 0.0, -6.680943, 0.688715, -40.048367,
        1.0
      ],
      [
        {
          "cone": {
            "height": 1.260499,
            "bottom_radius": 0.25,
            "top_radius": 0.25,
            "material": { "diffuse": { "constant": [0.5, 0.5, 0.5] } }
          }
        }
      ]
    ]
  },
  {
    "transform": [
      [
        0.643821, -0.185703, -0.7423, 0.0, 0.259494, -0.859625, 0.440123, 0.0,
        -0.719831, -0.475983, -0.505255, 0.0, -7.58829, 0.088739, -40.68524, 1.0
      ],
      [
        {
          "scale": [
            [0.3, 0.3, 0.3],
            [
              {
                "sphere": {
                  "material": { "diffuse": { "constant": [0.0, 0.3, 0.8] } }
                }
              }
            ]
          ]
        }
      ]
    ]
  },
  {
    "transform": [
      [
        -0.292372, 0.166061, -0.941776, 0.0, -0.956305, -0.05077, 0.28793, 0.0,
        0.0, 0.984808, 0.173648, 0.0, 0.0, -8.0, -35.0, 1.0
      ],
      [
        {
          "cone": {
            "height": 2.0,
            "bottom_radius": 0.25,
            "top_radius": 0.25,
            "material": { "diffuse": { "constant": [0.5, 0.5, 0.5] } }
          }
        }
      ]
    ]
  },
  {
    "transform": [
      [
        -0.292372, 0.166061, -0.941776, 0.0, -0.956305, -0.05077, 0.28793, 0.0,
        0.0, 0.984808, 0.173648, 0.0, 0.0, -6.030385, -34.652702, 1.0
      ],
      [
        {
          "scale": [
            [0.3, 0.3, 0.3],
            [
              {
                "sphere": {
                  "material": { "diffuse": { "constant": [0.0, 0.3, 0.8] } }
                }
              }
            ]
          ]
        }
      ]
    ]
  },
  {
    "transform": [
      [
        -0.34202, 0.163176, -0.925417, 0.0, -0.91178, -0.295874, 0.28481, 0.0,
        -0.227332, 0.941187, 0.249975, 0.0, 0.0, -6.030385, -34.652702, 1.0
      ],
      [
        {
          "cone": {
            "height": 1.9,
            "bottom_radius": 0.25,
            "top_radius": 0.25,
            "material": { "diffuse": { "constant": [0.5, 0.5, 0.5] } }
